100.0 185283
100.0 145365
99.76744186046511 249999
99.76744186046511 249999
99.76744186046511 249999
99.76744186046511 249999
99.53488372093024 249999
99.76744186046511 249999
99.53488372093024 249999
99.53488372093024 249999
99.30232558139535 249999
99.76744186046511 249999
99.76744186046511 249999
99.76744186046511 249999
99.30232558139535 249999
99.53488372093024 249999
99.76744186046511 249999
99.76744186046511 249999
100.0 171197
99.53488372093024 249999
99.76744186046511 249999
99.06976744186046 249999
100.0 108167
99.76744186046511 249999
99.30232558139535 249999
99.76744186046511 249999
99.30232558139535 249999
99.76744186046511 249999
99.53488372093024 249999
100.0 197776
100.0 99607
99.53488372093024 249999
99.76744186046511 249999
99.76744186046511 249999
99.76744186046511 249999
99.53488372093024 249999
99.76744186046511 249999
100.0 180988
99.53488372093024 249999
99.53488372093024 249999
100.0 115509
100.0 108895
99.76744186046511 249999
100.0 246784
99.53488372093024 249999
99.53488372093024 249999
99.76744186046511 249999
99.53488372093024 249999
100.0 129239
99.53488372093024 249999
100.0 113982
