100.0 1256
100.0 1573
100.0 873
100.0 2127
100.0 976
100.0 1854
100.0 2898
100.0 1944
100.0 2197
100.0 1024
100.0 3215
100.0 2763
100.0 1994
100.0 1344
100.0 1735
100.0 753
100.0 2706
100.0 3081
100.0 869
100.0 2211
100.0 1510
100.0 922
100.0 961
100.0 1040
100.0 4658
100.0 870
100.0 1200
100.0 780
100.0 1234
100.0 223
100.0 8294
100.0 2613
100.0 4719
100.0 2563
100.0 1650
100.0 646
100.0 1153
100.0 7311
100.0 1907
100.0 637
100.0 2742
100.0 2458
100.0 1813
100.0 1159
100.0 2841
100.0 926
100.0 2564
100.0 91
100.0 1775
100.0 1597