99.71830985915493 249999
99.81220657276995 249999
99.81220657276995 249999
99.81220657276995 249999
99.71830985915493 249999
99.90610328638498 249999
99.81220657276995 249999
99.90610328638498 249999
99.53051643192488 249999
99.81220657276995 249999
99.6244131455399 249999
99.71830985915493 249999
99.6244131455399 249999
99.81220657276995 249999
99.6244131455399 249999
99.71830985915493 249999
100.0 228751
99.71830985915493 249999
100.0 240103
99.81220657276995 249999
99.81220657276995 249999
99.53051643192488 249999
99.81220657276995 249999
99.6244131455399 249999
99.81220657276995 249999
99.81220657276995 249999
99.6244131455399 249999
99.81220657276995 249999
99.81220657276995 249999
99.90610328638498 249999
99.6244131455399 249999
99.81220657276995 249999
99.71830985915493 249999
99.71830985915493 249999
99.81220657276995 249999
99.71830985915493 249999
99.81220657276995 249999
99.71830985915493 249999
99.6244131455399 249999
99.81220657276995 249999
99.81220657276995 249999
99.43661971830986 249999
99.81220657276995 249999
99.81220657276995 249999
99.90610328638498 249999
99.90610328638498 249999
99.6244131455399 249999
99.71830985915493 249999
99.71830985915493 249999
99.71830985915493 249999
99.81220657276995 249999
